image: karto.pgm
resolution: 0.050000
origin: [-1.533525, -2.227791, 0.000000]
negate: 0
occupied_thresh: 0.65
free_thresh: 0.196

